0 0.213359375 0.5675189160636759 0.04375000000000001 0.06487499999999999
0 0.2317578125 0.4343543820549927 0.041874999999999996 0.05560700000000002
0 0.3125390625 0.38025931403762664 0.04999999999999999 0.039852000000000005
0 0.3307421875 0.341854492040521 0.05375000000000002 0.041704999999999985
0 0.33421875 0.41269631403762663 0.05562499999999998 0.037998000000000004
0 0.3376953125 0.5303983140376267 0.05812499999999998 0.03985199999999992
0 0.3530078125 0.30159667004341534 0.04125000000000001 0.04355899999999999
0 0.3661328125 0.6022167380607815 0.04249999999999998 0.06302099999999998
0 0.4016015625 0.454630026049204 0.03375 0.05097300000000003
0 0.426171875 0.6788472720694645 0.058750000000000024 0.07043500000000003
0 0.496796875 0.43724873806078146 0.05874999999999997 0.061168
0 0.5225390624999999 0.637369984081042 0.080625 0.08341100000000017
0 0.5315625 0.4976040940665702 0.04874999999999996 0.06765499999999997
0 0.574453125 0.8064508060781477 0.06687500000000002 0.0787770000000001
0 0.691015625 0.7030576280752532 0.05249999999999999 0.07785000000000018
0 0.747578125 0.5006765600578872 0.06812499999999999 0.06024099999999992
