0 0.1171875 0.8101171875 0.23666700000000004 0.27312500000000006
0 0.22526008333333333 0.6412109375 0.15916700000000003 0.14
0 0.30869825 0.79171875 0.291666 0.24249999999999994
0 0.5759371666666667 0.5682421875 0.505834 0.14812499999999995
0 0.4188020833333333 0.6021875 0.13000000000000003 0.11124999999999996
0 0.5373955 0.74359375 0.32833400000000007 0.21187499999999992
0 0.8191666666666667 0.703359375 0.2100000000000001 0.16937499999999994
0 0.8953645833333334 0.4668359375 0.20666700000000007 0.13999999999999996
0 0.9138024166666666 0.6826171875 0.17000000000000007 0.14687499999999998
0 0.9694788333333334 0.6307421875 0.05833400000000003 0.08562499999999995
