0 0.154296875 0.27750033333333335 0.31 0.29416600000000004
0 0.125390625 0.62869825 0.208125 0.16666599999999998
0 0.38472656250000004 0.12760383333333333 0.34624999999999995 0.214167
0 0.3611328125 0.5065621666666668 0.19874999999999998 0.161667
0 0.69640625 0.6873440833333332 0.603125 0.47333300000000017
0 0.6855859375 0.30901075 0.10812500000000003 0.056665999999999994
0 0.819375 0.35557258333333336 0.125625 0.04999999999999997
0 0.88015625 0.16156216666666665 0.10187500000000005 0.036667000000000026
0 0.9189453125 0.26734375 0.12 0.055000000000000014
0 0.9545703125 0.4228645833333333 0.08875 0.08333300000000003
0 0.97953125 0.1924479166666667 0.03937500000000005 0.06166699999999999
