0 0.6203515625 0.5855521165048544 0.22250000000000003 0.21554500000000004
0 0.25894531249999997 0.5511396990291262 0.431875 0.2818649999999999
0 0.242265625 0.3636969352750809 0.14624999999999996 0.104663
0 0.2583984375 0.40827296763754045 0.06125 0.05492300000000002
0 0.3848828125 0.3820233042071197 0.166875 0.11606200000000008
0 0.566640625 0.43692827184466015 0.30125 0.16787599999999994
0 0.4953515625 0.32464556634304204 0.12812500000000004 0.09637300000000006
0 0.6366796875 0.3363000582524272 0.16312499999999996 0.10777199999999994
0 0.7708203125 0.49408959223300974 0.1818749999999999 0.25284899999999993
0 0.7190625 0.2863205987055016 0.04749999999999999 0.04456000000000001
0 0.7858203125 0.11779133656957928 0.11937500000000001 0.063212
