0 0.835859375 0.2130558888888889 0.13750000000000007 0.15444399999999997
0 0.0941015625 0.19701344444444446 0.09749999999999999 0.04777799999999995
0 0.0968359375 0.6042361111111112 0.076875 0.13
0 0.135234375 0.5702082222222222 0.011874999999999997 0.03888899999999998
0 0.1421875 0.6208333333333332 0.015625 0.042222000000000155
0 0.1424609375 0.21923644444444446 0.014374999999999999 0.045554999999999984
0 0.1444140625 0.4222217777777778 0.019375000000000003 0.056666999999999926
0 0.1487890625 0.5719443333333333 0.01874999999999999 0.04333300000000002
0 0.1490625 0.42368044444444447 0.017500000000000016 0.04555599999999998
0 0.1493359375 0.21576422222222222 0.015000000000000013 0.03888899999999998
0 0.1530859375 0.6257642222222222 0.015000000000000013 0.041110999999999995
0 0.1562890625 0.4271526666666667 0.018125000000000002 0.05222199999999994
0 0.1580859375 0.21798622222222225 0.014374999999999999 0.03888899999999998
0 0.1590625 0.5827086666666667 0.016875 0.05222199999999994
0 0.1586328125 0.644514 0.010624999999999996 0.03222199999999997
0 0.1611328125 0.4246532222222222 0.010624999999999996 0.04111100000000004
0 0.170234375 0.43034744444444445 0.012500000000000011 0.045554999999999936
0 0.1746875 0.6573611111111111 0.016250000000000014 0.036667000000000054
0 0.1749609375 0.7081254444444445 0.015000000000000013 0.04777699999999996
0 0.192109375 0.6222217777777778 0.04375000000000001 0.055556000000000064
0 0.1851171875 0.2833337777777778 0.021875000000000006 0.05666600000000003
0 0.1846875 0.6625694444444444 0.016875 0.047778
0 0.1846875 0.7208333333333333 0.016875 0.04333300000000002
0 0.190546875 0.430139 0.028124999999999983 0.06444400000000004
0 0.1920703125 0.20555577777777778 0.02562499999999998 0.05777799999999998
0 0.191640625 0.28256944444444443 0.020625000000000004 0.047778
0 0.1926171875 0.1588197777777778 0.021874999999999978 0.02777699999999999
0 0.191484375 0.5068752222222223 0.011874999999999997 0.03888899999999998
0 0.1937109375 0.7292364444444446 0.014374999999999999 0.045554999999999936
0 0.1956640625 0.6698615555555556 0.019374999999999976 0.05000000000000002
0 0.1994921875 0.20333377777777778 0.022499999999999992 0.05666600000000001
0 0.197109375 0.5073611111111112 0.012499999999999983 0.03666699999999996
0 0.201015625 0.28256944444444443 0.01999999999999999 0.04555600000000003
0 0.1998828125 0.6804856666666665 0.011249999999999982 0.05222300000000018
0 0.202109375 0.5108333333333334 0.012499999999999983 0.04333299999999992
0 0.203359375 0.7359024444444445 0.012499999999999983 0.047777999999999904
0 0.2062890625 0.20555577777777778 0.018125000000000002 0.05777799999999998
0 0.209765625 0.2862501111111111 0.020624999999999977 0.036667000000000005
0 0.208359375 0.5170134444444444 0.013124999999999998 0.047778
0 0.214609375 0.20527733333333334 0.013124999999999998 0.04333400000000001
0 0.215859375 0.518472111111111 0.013124999999999998 0.036667000000000054
0 0.227421875 0.594583 0.02812500000000001 0.06333400000000003
0 0.227109375 0.640069 0.013124999999999998 0.03444500000000003
0 0.2290625 0.7560416666666667 0.015625 0.05222199999999994
0 0.229609375 0.6915976666666668 0.013124999999999998 0.05444399999999986
0 0.2427734375 0.4396531111111111 0.029375000000000012 0.06888899999999998
0 0.2413671875 0.2777777777777778 0.021875000000000006 0.05666700000000002
0 0.2387109375 0.6514584444444445 0.015000000000000013 0.047778
0 0.2426171875 0.60125 0.021874999999999978 0.06444400000000004
0 0.2445703125 0.19381966666666667 0.02562500000000001 0.053333
0 0.2409375 0.7060416666666667 0.017499999999999988 0.05222200000000004
0 0.2412109375 0.7649306666666668 0.015000000000000013 0.05444399999999986
0 0.253203125 0.4396531111111111 0.03687500000000002 0.06888899999999998
0 0.2488671875 0.3543055555555556 0.021875000000000006 0.04999999999999997
0 0.25359375 0.18715266666666663 0.02437499999999998 0.05444500000000003
0 0.2545703125 0.6066667777777778 0.02562500000000001 0.05777799999999998
0 0.2499609375 0.6570134444444444 0.015624999999999972 0.047778
0 0.25386718750000004 0.2777777777777778 0.021875000000000006 0.05666700000000002
0 0.2521875 0.7136804444444445 0.016874999999999973 0.0477780000000001
0 0.2546875 0.7792364444444444 0.015625 0.04777699999999996
0 0.2673828125 0.4436112222222222 0.04125000000000001 0.07111100000000005
0 0.262265625 0.6136804444444444 0.02124999999999999 0.0477780000000001
0 0.2632421875 0.3533337777777778 0.02250000000000002 0.058888
0 0.263515625 0.2765275555555556 0.021250000000000047 0.04999999999999997
0 0.2664453125 0.18937466666666666 0.02562500000000001 0.052223000000000006
0 0.2628125 0.7260416666666667 0.017500000000000016 0.05222200000000004
0 0.262109375 0.6619443333333334 0.012500000000000011 0.04333299999999992
0 0.2640625 0.7909725555555556 0.016250000000000042 0.05000000000000002
0 0.275078125 0.44236099999999995 0.03562500000000002 0.06444500000000003
0 0.273671875 0.5372918888888889 0.02812500000000001 0.06222200000000003
0 0.2757421875 0.2814584444444444 0.023125000000000007 0.04777800000000005
0 0.27671875 0.3649306666666667 0.02437499999999998 0.05222199999999999
0 0.272109375 0.6713192222222223 0.011875000000000024 0.0411109999999999
0 0.2848046875 0.6176385555555556 0.03875000000000001 0.05000000000000002
0 0.2704296875 0.7309725555555556 0.007500000000000007 0.04999999999999992
0 0.2704296875 0.7988887777777778 0.007500000000000007 0.05777799999999998
0 0.2803125 0.18590244444444445 0.015625 0.04777800000000002
0 0.2812890625 0.44618088888888885 0.019374999999999976 0.06111100000000001
0 0.2988671875 0.7606248888888889 0.021874999999999978 0.061110999999999964
0 0.3157421875 0.6809023333333333 0.05375000000000002 0.07555600000000003
0 0.3122265625 0.17138922222222225 0.03374999999999995 0.071111
0 0.3095703125 0.5518751111111111 0.026874999999999982 0.0666670000000001
0 0.31765625 0.273472 0.040000000000000036 0.06333400000000003
0 0.3186328125 0.4665975555555556 0.04250000000000004 0.08111099999999993
0 0.314296875 0.770764111111111 0.028749999999999998 0.06888900000000013
0 0.326015625 0.36125 0.05125000000000002 0.064444
0 0.3301953125 0.6902782222222222 0.05812499999999998 0.07111099999999995
0 0.3221484375 0.559028 0.029374999999999984 0.06444400000000004
0 0.3289453125 0.778402888888889 0.026875000000000038 0.060000000000000005
0 0.3409375 0.15756933333333334 0.04749999999999999 0.07555600000000001
0 0.3421875 0.70125 0.048750000000000016 0.06333299999999999
0 0.3385546875 0.46979133333333334 0.03749999999999998 0.07444499999999997
0 0.3383984375 0.564583 0.02937500000000004 0.06555600000000004
0 0.348046875 0.7933337777777778 0.02812500000000001 0.058888
0 0.3534765625 0.719028 0.034375000000000044 0.06333299999999999
0 0.3554296875 0.2699997777777778 0.03812500000000002 0.058889000000000045
0 0.35640625 0.5715274444444444 0.03937499999999999 0.0766670000000001
0 0.3520703125 0.4747222222222222 0.026875000000000038 0.0722220000000001
0 0.3542578125 0.8022217777777777 0.010624999999999996 0.058889000000000045
0 0.3581640625 0.723472 0.018125000000000002 0.06333400000000003
0 0.3640234375 0.3607641111111111 0.029374999999999984 0.06888899999999998
0 0.3640234375 0.48902799999999996 0.029374999999999984 0.06444400000000014
0 0.366796875 0.15777777777777777 0.02749999999999997 0.05888900000000002
0 0.369921875 0.582361 0.02812500000000001 0.06555599999999995
0 0.3876953125 0.9281944444444444 0.02562500000000001 0.07777799999999996
0 0.41015625 0.8373608888888888 0.07187500000000002 0.09333399999999997
0 0.39828125 0.07048566666666667 0.040000000000000036 0.05222299999999999
0 0.4065234375 0.7165975555555556 0.02937500000000004 0.08222199999999999
0 0.4168359375 0.49006977777777777 0.04625000000000001 0.088889
0 0.41125 0.5980552222222222 0.033125000000000016 0.07222300000000005
0 0.4141796875 0.3763191111111111 0.03749999999999998 0.06777799999999996
0 0.4161328125 0.25722266666666666 0.04125000000000001 0.08444399999999996
0 0.424921875 0.13263844444444445 0.06 0.07777800000000003
0 0.4095703125 0.9464583333333333 0.026875000000000038 0.07555600000000003
0 0.4267578125 0.6042363333333333 0.041874999999999996 0.07444400000000012
0 0.4312109375 0.7229168888888888 0.04562499999999997 0.09111100000000001
0 0.434140625 0.2510415555555556 0.05125000000000002 0.08111099999999993
0 0.4371875 0.493542 0.04749999999999999 0.09555499999999996
0 0.4289453125 0.9613892222222221 0.026874999999999982 0.07222200000000001
0 0.4445703125 0.8692362222222223 0.057499999999999996 0.10333300000000002
0 0.4373046875 0.3780552222222222 0.03875000000000001 0.07000000000000003
0 0.4476171875 0.04874955555555555 0.053749999999999964 0.05000000000000001
0 0.44703125 0.6131253333333334 0.040000000000000036 0.07555499999999998
0 0.45140625 0.374583 0.03937499999999999 0.065556
0 0.454609375 0.739097 0.043125000000000024 0.095556
0 0.4614453125 0.2505556666666667 0.057499999999999996 0.08666699999999998
0 0.4527734375 0.9727086666666668 0.02937500000000004 0.052221999999999845
0 0.45109375 0.09104177777777778 0.02437499999999998 0.026666999999999996
0 0.464765625 0.500208 0.05124999999999996 0.0955560000000001
0 0.4676953125 0.8876393333333333 0.057499999999999996 0.1066659999999998
0 0.473671875 0.6188195555555556 0.06 0.08222199999999999
0 0.4816015625 0.11833366666666666 0.06562499999999999 0.08666599999999999
0 0.4782421875 0.7465273333333333 0.053749999999999964 0.10666700000000004
0 0.48046875 0.3777085555555556 0.055625000000000036 0.07999999999999997
0 0.484140625 0.5041671111111111 0.05249999999999999 0.10000000000000003
0 0.474765625 0.981181 0.02062499999999995 0.03333299999999993
0 0.4913671875 0.8955555555555554 0.05375000000000002 0.1133330000000001
0 0.4984375 0.7499995555555555 0.04875000000000007 0.11333400000000005
0 0.4970703125 0.6472918888888888 0.02562500000000001 0.061111000000000165
0 0.4956640625 0.07138844444444443 0.01874999999999999 0.01666700000000001
0 0.5001171875 0.2552081111111111 0.02312499999999995 0.06777800000000002
0 0.5006640625000001 0.5266667777777778 0.018125000000000002 0.05888899999999994
0 0.5361328125 0.9338194444444444 0.041874999999999996 0.11000000000000003
0 0.5493359375 0.7966665555555555 0.04500000000000004 0.114445
0 0.5491796875 0.646875 0.03874999999999995 0.0955560000000001
0 0.578046875 0.5132643333333333 0.09000000000000008 0.13666599999999995
0 0.56296875 0.9497221111111112 0.055625000000000036 0.09777799999999992
0 0.5639453125 0.08930544444444445 0.05812499999999998 0.077778
0 0.570546875 0.22826344444444446 0.05999999999999994 0.10888899999999996
0 0.5671875 0.3727776666666667 0.04875000000000007 0.08666700000000002
0 0.5787109375 0.8106246666666667 0.04625000000000001 0.11777800000000009
0 0.57703125 0.665278111111111 0.040000000000000036 0.09777700000000007
0 0.5978515625 0.22999955555555557 0.06499999999999995 0.11111199999999997
0 0.5964453125 0.9625002222222224 0.057499999999999996 0.07111099999999976
0 0.6028515625 0.3695828888888889 0.06624999999999992 0.09333399999999997
0 0.6019921875 0.0784718888888889 0.053749999999999964 0.093334
0 0.6090625 0.6776393333333333 0.0475000000000001 0.1066660000000001
0 0.6124609375 0.8377775555555556 0.04562500000000003 0.114445
0 0.63234375 0.9704856666666668 0.05625000000000002 0.054444999999999806
0 0.63875 0.06923622222222221 0.06437499999999996 0.10333300000000001
0 0.6465625 0.6981252222222222 0.04874999999999996 0.10333300000000002
0 0.65046875 0.4856939999999999 0.05499999999999994 0.06333400000000003
0 0.6558984375 0.23048644444444447 0.06125000000000003 0.10888899999999996
0 0.660078125 0.8513890000000001 0.06687500000000002 0.12777799999999986
0 0.660078125 0.5411805555555556 0.06812499999999999 0.14444400000000002
0 0.6534765625 0.3542363333333334 0.03500000000000003 0.07333299999999997
0 0.671640625 0.0652781111111111 0.05249999999999999 0.09888899999999999
0 0.677890625 0.984999888888889 0.05249999999999999 0.027777999999999834
0 0.6842578125 0.7045837777777778 0.04125000000000001 0.11888800000000001
0 0.69921875 0.5472224444444445 0.05625000000000002 0.13888899999999993
0 0.69390625 0.22333355555555556 0.03937500000000005 0.113333
0 0.6991796875 0.390208 0.03749999999999998 0.09555600000000004
0 0.7069921875 0.05437455555555556 0.021874999999999978 0.08222299999999999
0 0.7804296875 0.7423607777777778 0.07000000000000006 0.12111099999999997
0 0.7866796875 0.3943753333333333 0.06937500000000008 0.13666600000000007
0 0.7798046875 0.041666666666666664 0.03749999999999998 0.086667
0 0.816015625 0.03993055555555555 0.05125000000000002 0.08
0 0.85046875 0.397014 0.08687500000000004 0.15777800000000008
0 0.8384375 0.7322217777777777 0.0475000000000001 0.05888900000000014
0 0.8737109375 0.7894444444444444 0.07687500000000003 0.13888899999999993
0 0.893359375 0.036458333333333336 0.10625000000000007 0.07333300000000001
0 0.945859375 0.2197921111111111 0.10625000000000007 0.13
0 0.92484375 0.3553473333333333 0.05625000000000002 0.07333299999999997
0 0.934609375 0.8184726666666666 0.07500000000000007 0.147777
0 0.9578125 0.39305588888888887 0.078125 0.15555500000000005
0 0.972265625 0.024305555555555556 0.05249999999999999 0.048889
0 0.97953125 0.8367365555555556 0.03937500000000005 0.14333299999999985
0 0.9942578125 0.42055566666666666 0.010000000000000009 0.08444400000000006
