0 0.9178290625 0.26803052910737385 0.14443300000000003 0.21779500000000002
0 0.0921934375 0.4996559521345407 0.154464 0.17795400000000003
0 0.1476238125 0.3214262406209573 0.13540599999999997 0.199203
0 0.1554363125 0.13805622380336352 0.15145399999999998 0.20451499999999995
0 0.168448875 0.7280406131953429 0.15345999999999999 0.1806109999999999
0 0.212528 0.561935596377749 0.15647 0.18725100000000008
0 0.2749000625 0.24062227425614488 0.14343 0.183267
0 0.2768531875 0.4120746300129366 0.14744200000000002 0.17131500000000002
0 0.2917395625 0.8392855627425615 0.15947799999999998 0.2031870000000001
0 0.3200350625 0.649584596377749 0.14443400000000003 0.18857900000000016
0 0.4003289375 0.17149659637774903 0.14042100000000007 0.188579
0 0.4013848125 0.5079330025873221 0.13640899999999995 0.152722
0 0.4023878125 0.35238230789133246 0.13540599999999997 0.1673309999999999
0 0.423318625 0.7452702742561449 0.14643899999999999 0.183267
0 0.473469625 0.8792295795601553 0.145436 0.19521899999999978
0 0.5115836250000001 0.6552056468305304 0.14643899999999993 0.16334700000000005
0 0.5324615625 0.49427427425614484 0.15947899999999998 0.18326700000000015
0 0.5287139375 0.1517826300129366 0.13941800000000004 0.171315
0 0.534652625 0.32309763001293657 0.14643899999999999 0.17264300000000005
0 0.5950186875000001 0.8570303078913325 0.1313939999999999 0.16733100000000012
0 0.6410245 0.10366457956015525 0.14242700000000008 0.19521899999999998
0 0.6371975625 0.7043083078913324 0.12738199999999988 0.16733100000000006
0 0.662140375 0.3707682742561449 0.13841599999999998 0.18326699999999993
0 0.6748885625 0.5377902238033635 0.15847600000000006 0.20451500000000009
0 0.742064125 0.20626596895213453 0.1604810000000001 0.16998700000000003
0 0.7362840625 0.8465436636481242 0.14342999999999995 0.15537900000000018
0 0.761226875 0.6921846131953429 0.15245799999999998 0.17928300000000008
0 0.7896555625 0.3854459521345407 0.127382 0.17795499999999995
0 0.836347125 0.5512419184993531 0.16048099999999998 0.1938910000000001
