0 0.303359375 0.8836461666666667 0.10625000000000001 0.09999999999999994
0 0.323828125 0.6096354166666668 0.0675 0.04666699999999994
0 0.328671875 0.6286458333333332 0.028749999999999998 0.058333000000000045
0 0.3532421875 0.6280725833333333 0.05312499999999998 0.05166700000000005
0 0.392421875 0.6842184166666666 0.12187500000000001 0.108334
0 0.3655078125 0.7945829999999999 0.04125000000000001 0.0625
0 0.3841796875 0.7719270833333334 0.03875000000000001 0.03416699999999991
0 0.4053515625 0.80484375 0.06625000000000003 0.055000000000000014
0 0.45515625 0.9328649166666666 0.164375 0.12250000000000005
0 0.4090234375 0.7626559166666667 0.02937500000000004 0.030834000000000028
0 0.4430078125 0.7590621666666667 0.04250000000000004 0.038334000000000014
0 0.445078125 0.7972395833333333 0.036250000000000004 0.051666999999999984
0 0.4676953125 0.7940621666666666 0.02562500000000001 0.03749999999999994
0 0.4748046875 0.7414065833333333 0.03875000000000001 0.04999999999999997
0 0.7058984375 0.8538541666666667 0.12312499999999993 0.06916700000000005
0 0.6993359375 0.9308336666666667 0.07750000000000001 0.0858329999999999
0 0.7622265625 0.9274996666666667 0.06562500000000004 0.08583400000000004
0 0.7634765625 0.9802600833333334 0.06562500000000004 0.03583400000000007
0 0.8328125 0.7310416666666666 0.140625 0.05333300000000015
0 0.8122265625 0.9607809166666668 0.06624999999999992 0.061666999999999916
0 0.8363671875 0.9397916666666667 0.05437499999999995 0.11666700000000008
