0 0.2532421875 0.3787767057101024 0.11562500000000003 0.061913999999999955
0 0.3309765625 0.6463592210834554 0.09749999999999998 0.07504699999999988
0 0.34515625 0.49960534992679356 0.10249999999999998 0.07880000000000001
0 0.3792578125 0.7262104787701319 0.104375 0.08067599999999996
0 0.4289453125 0.5528488345534408 0.181875 0.06566599999999999
0 0.4124609375 0.75487960761347 0.10749999999999998 0.08255100000000003
0 0.3945703125 0.3499501595900439 0.025624999999999953 0.02720400000000004
0 0.4729296875 0.8368785402635431 0.16249999999999998 0.12851799999999997
0 0.4865625 0.5666923191800879 0.10999999999999999 0.05347099999999999
0 0.5037109375 0.6343485768667643 0.14062499999999994 0.06003699999999999
0 0.5472265625 0.9367284114202049 0.22250000000000003 0.12382700000000019
0 0.49 0.46095999414348465 0.09375 0.09287099999999995
0 0.5822265625 0.7227560922401172 0.09687499999999993 0.07317099999999993
0 0.6011328125 0.6120179326500733 0.0731250000000001 0.04596699999999993
0 0.6050390625 0.6768601903367496 0.08062500000000006 0.05159500000000004
0 0.6621484375 0.7867746076134698 0.12312500000000004 0.08255099999999994
0 0.75140625 0.8753405402635431 0.22749999999999992 0.12851800000000013
0 0.673359375 0.40158931918008783 0.04375000000000007 0.054408999999999964
0 0.7209375 0.6630608653001464 0.11124999999999996 0.09005600000000014
0 0.72296875 0.7476722210834553 0.08624999999999994 0.07504700000000004
0 0.795234375 0.948879251830161 0.23187499999999994 0.09849900000000014
0 0.805859375 0.7952607672035139 0.13749999999999996 0.10975600000000016
0 0.8241015625 0.74925060761347 0.12812500000000004 0.08442800000000011
0 0.8383203125 0.7180660922401172 0.1193749999999999 0.07317099999999976
0 0.862109375 0.7683803191800879 0.07437500000000008 0.055346999999999945
0 0.933203125 0.8694311478770131 0.130625 0.2082560000000001
