0 0.409375 0.9171042352941176 0.22000000000000003 0.14312600000000006
0 0.134765625 0.9726824117647058 0.05124999999999999 0.04990499999999994
0 0.4225 0.6790764705882354 0.06312499999999999 0.0348399999999998
0 0.635859375 0.8770799411764707 0.23062499999999997 0.16760799999999998
0 0.7837109375 0.8480805882352941 0.13937500000000003 0.10451999999999992
0 0.836796875 0.8413734117647058 0.15249999999999997 0.09792799999999986
0 0.874765625 0.8272484117647059 0.14625 0.09886999999999994
0 0.8440625 0.6583614705882354 0.04874999999999996 0.034838999999999905
0 0.9278125 0.7962915882352942 0.14187499999999997 0.10357800000000009
0 0.8908203125 0.647411 0.026874999999999982 0.0508470000000001
0 0.9430859375 0.752343411764706 0.04499999999999993 0.048021999999999856
0 0.966328125 0.7665835882352942 0.03687499999999999 0.05461400000000016
0 0.9825 0.7737680588235294 0.03249999999999997 0.03672299999999997
