0 0.281667 0.6668229166666667 0.250833 0.15555599999999994
0 0.31276075000000003 0.8170315833333334 0.1175 0.0822219999999998
0 0.4341533125 0.3514410833333333 0.05666700000000002 0.06666700000000003
0 0.5181123125 0.4037330833333333 0.088333 0.097777
0 0.554792 0.1843574166666667 0.15666600000000003 0.04666699999999998
0 0.5117705 0.46512175 0.04833399999999999 0.055554999999999945
0 0.59651075 0.8437330833333334 0.18000000000000005 0.09666599999999992
0 0.6123046875 0.10147558333333333 0.10083299999999995 0.08222199999999999
0 0.6567705 0.3671526666666667 0.04833399999999999 0.054445
0 0.8119921875 0.3991149166666667 0.21083299999999994 0.18666599999999992
