0 0.40842030161054166 0.5345698125 0.32552699999999996 0.13593800000000006
0 0.5787557057101025 0.2123041875 0.06323200000000008 0.021876000000000007
0 0.6217986691068814 0.24921825 0.13114800000000004 0.03906299999999999
0 0.6499087306002927 0.2970703125 0.1779860000000001 0.057811999999999975
0 0.5816779019033674 0.5376953125 0.02107700000000012 0.057811999999999975
0 0.6496029941434845 0.5529296875 0.09133500000000007 0.03749999999999998
0 0.7371490190336749 0.4716801875 0.20608899999999988 0.08593699999999999
0 0.6861890614934114 0.3763671875 0.049180999999999905 0.021875000000000033
0 0.8024112210834554 0.376953625 0.07494099999999985 0.020311999999999997
0 0.7813271595900438 0.3937505 0.028102999999999982 0.015625
