0 0.033203125 0.7658556168929109 0.066875 0.05893700000000022
0 0.0458984375 0.5620392775263952 0.0925 0.08502399999999996
0 0.0832421875 0.6629459819004526 0.11687499999999999 0.08309199999999989
0 0.108828125 0.5333816606334841 0.03687499999999999 0.02801899999999999
0 0.113828125 0.5652656606334842 0.03687499999999999 0.029952000000000107
0 0.1727734375 0.6706972518853697 0.06125 0.03574899999999994
0 0.197109375 0.9784855475113123 0.075625 0.038647999999999925
0 0.27875 0.7892797993966819 0.0625 0.06956599999999989
0 0.305625 0.8499835475113123 0.06375000000000003 0.037680999999999756
0 0.331640625 0.7836713212669685 0.05249999999999999 0.05603800000000006
0 0.3784765625 0.8217760256410258 0.06624999999999998 0.054106999999999954
0 0.59515625 0.589419660633484 0.10249999999999992 0.028020000000000034
0 0.5991796875 0.49277939064856713 0.06937500000000008 0.07729500000000006
0 0.6040625 0.5547552518853696 0.04875000000000007 0.03381700000000004
0 0.7451171875 0.601298503770739 0.053749999999999964 0.06859899999999998
0 0.941015625 0.8778150256410256 0.11499999999999999 0.052174000000000005
