0 0.2123046875 0.5463981524926687 0.22624999999999998 0.7898689999999999
0 0.0791015625 0.5230805249266862 0.15875 0.8911819999999999
0 0.1266796875 0.5609013049853372 0.06875 0.579737
0 0.4821875 0.5346679472140763 0.235 0.7654779999999999
0 0.5811328125 0.5109546129032259 0.13624999999999998 0.615384
0 0.704765625 0.5746811319648094 0.14500000000000002 0.5872419999999998
0 0.7959375 0.5095181759530792 0.10999999999999999 0.45028199999999996
0 0.8715625 0.5252841436950146 0.07874999999999999 0.41651099999999996
0 0.927421875 0.4902204897360704 0.09125000000000005 0.40150099999999994
0 0.96984375 0.3949918739002932 0.05625000000000002 0.33020700000000003
