0 0.0224609375 0.6195833333333334 0.045 0.10499999999999998
0 0.048828125 0.8558333333333333 0.099375 0.16833300000000007
0 0.0797265625 0.4553645833333333 0.096875 0.080833
0 0.096875 0.6693225833333334 0.095625 0.11249999999999998
0 0.1602734375 0.3602604166666667 0.09312499999999999 0.07583299999999997
0 0.1856640625 0.7238545 0.11249999999999999 0.11166600000000004
0 0.1958203125 0.5364586666666668 0.11937499999999998 0.11499999999999992
0 0.22875 0.9606253333333333 0.09437499999999999 0.07500000000000002
0 0.255078125 0.20859408333333332 0.036250000000000004 0.03500000000000003
0 0.28128906249999996 0.4036975833333334 0.08125000000000002 0.080834
0 0.3228125 0.6513545000000001 0.11125000000000002 0.11166599999999989
0 0.3755078125 0.19708299999999998 0.10500000000000004 0.06416700000000004
0 0.3918359375 0.8403649166666667 0.10812499999999997 0.12416599999999993
0 0.3986328125 0.397917 0.07250000000000001 0.0625
0 0.4767578125 0.4850003333333333 0.16625000000000006 0.16833299999999998
0 0.4729296875 0.6619795 0.07000000000000006 0.14083300000000007
0 0.58375 0.9582295 0.12687499999999996 0.08000000000000007
0 0.6228125 0.8026559166666667 0.109375 0.15499999999999994
0 0.615234375 0.25869825 0.07499999999999996 0.04083300000000001
0 0.6796875 0.5819274166666667 0.20437499999999997 0.20083299999999996
0 0.6365625 0.39541633333333337 0.07874999999999999 0.10499999999999998
0 0.7009765625 0.28390658333333335 0.06562500000000004 0.050000000000000044
0 0.835 0.9478121666666667 0.18937500000000007 0.10083400000000002
0 0.81875 0.7764583333333333 0.06437500000000007 0.0741670000000001
0 0.8527734375 0.20593783333333335 0.12312500000000004 0.09083300000000001
0 0.8492578125 0.8048955000000001 0.07374999999999998 0.07916699999999999
0 0.8719140625 0.43932258333333335 0.11187499999999995 0.11333400000000005
0 0.9407421875 0.581667 0.11624999999999996 0.12749999999999995
0 0.950625 0.7829690833333333 0.09562499999999996 0.12916599999999998
0 0.9786328125 0.44692741666666663 0.04125000000000001 0.07583300000000004
