0 0.1025390625 0.289452625 0.14375 0.301563
0 0.0880864375 0.604688 0.09218699999999999 0.18906199999999995
0 0.2017578125 0.6314453125 0.198437 0.24531199999999997
0 0.259375 0.13203175 0.314063 0.2125
0 0.26875 0.0708989375 0.282812 0.107812
0 0.3939448125 0.2607421875 0.510938 0.459375
0 0.277734375 0.5984375 0.07499999999999998 0.171875
0 0.3509765625 0.618359875 0.09687500000000004 0.21562400000000004
0 0.476562 0.637891125 0.18750000000000006 0.254687
0 0.570312 0.5978520625 0.0625 0.17500000000000004
0 0.62265575 0.6275390625 0.05468800000000007 0.23749999999999993
0 0.7552734375 0.5388671875 0.06093700000000002 0.02187500000000009
0 0.83046925 0.5521489375 0.07187499999999991 0.04531199999999991
0 0.86953125 0.5837885625 0.10156299999999996 0.06562599999999996
