1 0.0390625 0.633984375 0.078125 0.23124999999999996
1 0.0390625 0.6390625 0.078125 0.234375
1 0.0802734375 0.5849614375000001 0.123438 0.18749999999999994
1 0.140233875 0.607421875 0.121875 0.30937499999999996
1 0.1466796875 0.6091791875 0.09999999999999999 0.303126
1 0.1968755 0.4765625 0.07968699999999998 0.078125
1 0.19765625 0.47695262499999996 0.071875 0.08281300000000008
1 0.7919916875 0.6482416875 0.0687509999999999 0.4125009999999999
1 0.7974609375 0.645312 0.07656299999999994 0.407813
1 0.837109875 0.5849614375000001 0.09062400000000004 0.24843699999999996
1 0.8369140625 0.5029301875000001 0.08125000000000004 0.08437500000000003
1 0.87890625 0.5875 0.10312500000000002 0.21875
1 0.876953625 0.664453125 0.082812 0.3796879999999999
1 0.933203125 0.675390125 0.12968799999999991 0.348438
1 0.934375 0.6685546875 0.125 0.35156200000000004
1 0.9560541875 0.5937505 0.0843759999999999 0.14218700000000006
1 0.9560541875 0.6876958125 0.0843759999999999 0.323437
1 0.987890625 0.9044926874999999 0.020312999999999914 0.03906200000000015
1 0.987890625 0.9076176874999999 0.020312999999999914 0.03906200000000004
