0 0.5511936875000001 0.3786830117474303 0.22500000000000003 0.16701499999999994
0 0.0302734375 0.3652368663729809 0.061111 0.131524
0 0.0771484375 0.6079387268722466 0.155556 0.17745300000000006
0 0.205078125 0.9019124419970631 0.41111099999999995 0.18997900000000026
0 0.1685983125 0.12755986343612336 0.18333300000000002 0.08977099999999996
0 0.156379875 0.2250622922173275 0.122223 0.093945
0 0.24262175 0.37992115418502204 0.180555 0.15866399999999997
0 0.313411125 0.6522587224669604 0.286111 0.11690999999999997
0 0.3256731875 0.11457429074889867 0.11666599999999994 0.07306900000000001
0 0.3665143125 0.23054672246696037 0.120834 0.11482200000000002
0 0.47886262500000004 0.10746243318649046 0.11388899999999996 0.06680499999999998
0 0.6641923750000001 0.8900763010279003 0.3875 0.21503100000000014
0 0.487543625 0.23419186196769456 0.02083299999999999 0.06889300000000005
0 0.6393876875 0.5972520176211453 0.2875 0.2484340000000001
0 0.736458 0.229626577092511 0.156945 0.08142000000000002
0 0.779643875 0.39863986637298093 0.21527799999999997 0.13152399999999992
0 0.8735247500000001 0.03524229074889868 0.21111099999999994 0.07306900000000001
0 0.90043425 0.6209058766519824 0.19583300000000003 0.275574
0 0.8748919375 0.14070543465491925 0.14027699999999999 0.08768299999999998
0 0.9108502500000001 0.2889314346549192 0.13472299999999993 0.08559500000000002
0 0.9484156875 0.9204008678414097 0.09999999999999998 0.15240100000000015
