0 0.1532175625 0.7535217391304349 0.19119500000000003 0.415
0 0.1173651875 0.2559378881987578 0.11635300000000001 0.322
0 0.27815687499999997 0.25793788819875774 0.12138400000000002 0.32
0 0.3160091875 0.7358633540372671 0.14779899999999996 0.40599999999999997
0 0.414603 0.23885714285714288 0.15660399999999997 0.28600000000000003
0 0.4918789375 0.7728881987577639 0.17044000000000004 0.3770000000000001
0 0.5671834375 0.22727950310559006 0.124529 0.312
0 0.6630150625 0.7481801242236026 0.17421300000000006 0.423
0 0.7013448125 0.22572670807453415 0.1358489999999999 0.31
0 0.830392125 0.7591242236024844 0.16037800000000002 0.36100000000000004
0 0.8614915624999999 0.22951552795031055 0.15911900000000012 0.298
