0 0.4653515625 0.797906238410596 0.8475 0.19152599999999997
0 0.4562890625 0.14254158940397352 0.04999999999999999 0.07288099999999997
0 0.47984375 0.050168589403973514 0.05625000000000002 0.072881
0 0.5312109375 0.12342008609271525 0.04499999999999993 0.071186
0 0.56421875 0.03708609271523179 0.05625000000000002 0.075424
0 0.625546875 0.2983726357615894 0.09062500000000007 0.11101700000000005
0 0.61796875 0.10403509271523177 0.05625000000000002 0.07627100000000002
0 0.6219921875 0.4745315761589404 0.053750000000000075 0.061017
0 0.65921875 0.019867549668874173 0.05625000000000002 0.042373
0 0.676171875 0.40128007947019867 0.05937500000000007 0.06610100000000006
0 0.7199609375 0.07924607947019868 0.07687500000000003 0.06440600000000002
0 0.713671875 0.3177515761589404 0.06000000000000005 0.06271200000000002
0 0.71265625 0.2512800794701987 0.040000000000000036 0.06440599999999996
0 0.74484375 0.46414856291390727 0.05625000000000002 0.050847000000000045
0 0.793046875 0.24280507947019866 0.05999999999999994 0.064407
0 0.78140625 0.4252665165562914 0.009375000000000022 0.01525400000000001
0 0.802734375 0.39825452317880794 0.013125000000000053 0.018644000000000046
0 0.8291015625 0.061449079470198675 0.06562500000000004 0.066102
0 0.809140625 0.42124252980132443 0.020625000000000004 0.02627100000000009
0 0.80453125 0.3814125298013245 0.008124999999999938 0.02457599999999996
0 0.8214453125 0.40069051655629134 0.026874999999999982 0.01525400000000001
0 0.8819140625 0.4700300860927153 0.08062499999999995 0.07118699999999996
0 0.8848046875 0.31335709271523177 0.06937500000000008 0.07457599999999999
0 0.883125 0.22718058278145697 0.06437499999999996 0.06779599999999997
0 0.8878125 0.4424285298013245 0.016874999999999973 0.026271999999999972
0 0.9391796875 0.7829550993377483 0.09999999999999998 0.07966099999999997
0 0.9446875 0.3914805761589404 0.07937499999999997 0.06271199999999999
0 0.9740625 0.2209840927152318 0.04874999999999996 0.07627199999999994
0 0.9791796875 0.2996910860927152 0.03875000000000006 0.07118700000000003
0 0.992109375 0.47023804635761585 0.013125000000000053 0.038135000000000065
