0 0.2474614375 0.49375050000000004 0.28124899999999997 0.267187
0 0.16796824999999999 0.1322265625 0.19531300000000001 0.221875
0 0.259766125 0.8267573125 0.348437 0.307813
0 0.5669916875 0.803515625 0.1312500000000001 0.1453120000000001
0 0.5642573125 0.1810551875 0.120313 0.11562499999999999
0 0.686328125 0.5123046875 0.254687 0.22656199999999993
0 0.6458984375 0.7021489375 0.09218700000000002 0.04687400000000008
0 0.7470703125 0.1568354375 0.2765629999999999 0.248438
0 0.7701166875 0.9255859375 0.2875000000000001 0.10781299999999994
0 0.74765625 0.79609375 0.10312500000000002 0.05624999999999991
