0 0.013671875 0.623458907514451 0.02875 0.06481499999999996
0 0.0445703125 0.7943537167630058 0.089375 0.258333
0 0.103515625 0.8770497341040462 0.020625000000000004 0.059258999999999916
0 0.1176171875 0.8104531271676301 0.021875000000000006 0.039813999999999836
0 0.1343359375 0.746269387283237 0.044999999999999984 0.04907400000000023
0 0.1320703125 0.8848636473988438 0.026874999999999996 0.055556000000000154
0 0.146875 0.8162334739884394 0.03187499999999999 0.05092600000000008
0 0.161640625 0.6874173005780346 0.05249999999999999 0.044444000000000074
0 0.16328125 0.7499733872832371 0.04000000000000001 0.047221999999999806
0 0.1596484375 0.8960878208092485 0.030625000000000013 0.062037000000000224
0 0.1756640625 0.6505618670520231 0.05000000000000002 0.031482000000000024
0 0.175 0.8217884739884393 0.031875000000000014 0.050925999999999916
0 0.1934765625 0.7495664739884393 0.03375 0.050926
0 0.207890625 0.6921594739884394 0.05125000000000002 0.051850999999999946
0 0.214921875 0.6422288670520231 0.028124999999999983 0.030554999999999954
0 0.2301171875 0.6520069537572254 0.023125000000000007 0.03333299999999993
0 0.885625 0.6954127803468207 0.03312499999999996 0.028703999999999962
0 0.9301171875 0.9455421213872832 0.11624999999999996 0.10555499999999993
0 0.88796875 0.8111537803468207 0.024375000000000036 0.028704000000000125
0 0.8889453125 0.7356346936416185 0.02562500000000001 0.024999999999999935
0 0.893828125 0.8507872138728323 0.03687499999999999 0.04166600000000009
0 0.8921484375 0.7723769537572255 0.02937500000000004 0.032407999999999985
0 0.92359375 0.7731907803468208 0.024375000000000036 0.02685200000000003
0 0.9245703125 0.7422288670520232 0.02562500000000001 0.030555000000000037
0 0.922890625 0.6987098670520232 0.020625000000000004 0.030555999999999892
0 0.9244140625 0.8107468670520231 0.01937500000000003 0.03055600000000006
0 0.95203125 0.8577873005780348 0.040000000000000036 0.04536999999999979
0 0.960546875 0.8130057803468208 0.028124999999999956 0.028704000000000125
0 0.957890625 0.6987098670520232 0.020000000000000018 0.030555999999999892
0 0.9608203125 0.7362659537572255 0.02562500000000001 0.032407999999999985
0 0.9627734375 0.7768947803468209 0.030625000000000013 0.026851999999999866
0 0.9915625 0.7465641271676301 0.015625 0.03796300000000009
0 0.992109375 0.7087826936416185 0.013125000000000053 0.023148000000000002
0 0.99390625 0.8158959537572255 0.009375000000000022 0.03240700000000005
0 0.99390625 0.8606346936416185 0.009375000000000022 0.024999999999999935
0 0.99390625 0.942833514450867 0.009375000000000022 0.08518500000000007
0 0.9954296875 0.7868554335260116 0.0068749999999999645 0.0148139999999999
