0 0.3977734375 0.5088928211143695 0.12437500000000001 0.09389699999999992
0 0.063984375 0.8546639237536657 0.075625 0.10704200000000005
0 0.14546874999999998 0.8469072316715542 0.086875 0.140845
0 0.2020703125 0.7932978592375366 0.05687500000000001 0.04225300000000003
0 0.23234375 0.8448117184750734 0.08687500000000001 0.08262900000000001
0 0.25046875 0.3097298592375367 0.05500000000000002 0.04319199999999999
0 0.3492578125 0.2293905835777126 0.073125 0.040374999999999966
0 0.4036328125 0.18168320527859236 0.04125000000000001 0.02347400000000001
0 0.50671875 0.36290420527859235 0.05625000000000002 0.025352000000000003
0 0.5234375 0.33860675659824047 0.04874999999999996 0.030986
