0 0.13848958333333333 0.9319140625 0.23749999999999996 0.11312500000000003
0 0.028645833333333332 0.83609375 0.0575 0.08687500000000004
0 0.028645833333333332 0.9434375 0.0575 0.11062499999999997
0 0.037760416666666664 0.7412109375 0.075833 0.10750000000000004
0 0.07161458333333333 0.55625 0.145833 0.09437499999999999
0 0.07411458333333333 0.66078125 0.143333 0.07187500000000002
0 0.08614616666666668 0.51296875 0.10000000000000002 0.05500000000000005
0 0.10046908333333333 0.4684375 0.13 0.08000000000000002
0 0.14755208333333333 0.8251171875 0.191667 0.11625000000000008
0 0.14369825 0.735546875 0.16666599999999998 0.12187499999999996
0 0.1267184166666667 0.3315234375 0.10916699999999997 0.06124999999999997
0 0.13208333333333333 0.4133984375 0.10499999999999998 0.06125000000000003
0 0.22119825 0.6753125 0.164166 0.08000000000000007
0 0.2184899166666667 0.5887109375 0.155 0.10812499999999992
0 0.16500033333333333 0.3771484375 0.04249999999999998 0.030625000000000013
0 0.19494825000000002 0.5168359375 0.10416599999999998 0.04625000000000001
0 0.22510416666666666 0.4752734375 0.131667 0.09374999999999994
0 0.23041633333333333 0.327578125 0.106667 0.06812499999999999
0 0.24229166666666666 0.4133984375 0.11583300000000003 0.06125000000000003
0 0.2463545 0.369921875 0.111666 0.05937500000000001
0 0.30494791666666665 0.741171875 0.186667 0.12249999999999994
0 0.34994791666666664 0.8378125 0.18500000000000005 0.11062500000000008
0 0.34197950000000005 0.9365234375 0.14083299999999996 0.12437500000000001
0 0.3580208333333333 0.553125 0.1525 0.09562500000000007
0 0.34359375 0.33859375 0.11833300000000002 0.05624999999999997
0 0.3607815833333334 0.486328125 0.14416599999999993 0.06812499999999999
0 0.36708366666666664 0.433046875 0.14833300000000005 0.06
0 0.3513545 0.387734375 0.11166599999999997 0.07499999999999996
0 0.37218783333333333 0.6377734375 0.15249999999999994 0.09187499999999993
0 0.46057325 0.3816796875 0.13416599999999992 0.07
0 0.4801045 0.7452734375 0.17333300000000004 0.12312500000000004
0 0.4551565833333333 0.3276171875 0.11333299999999998 0.05437500000000001
0 0.48692675 0.4378125 0.11833400000000001 0.078125
0 0.49343716666666665 0.48640625 0.13249999999999998 0.07187499999999997
0 0.5038020833333333 0.5623046875 0.12999999999999998 0.07000000000000006
0 0.5405211666666667 0.83890625 0.19416599999999998 0.13312500000000005
0 0.5585934166666666 0.94046875 0.20250000000000004 0.11750000000000005
0 0.5352083333333334 0.6703125 0.136667 0.11062499999999997
0 0.5798958333333334 0.370078125 0.11999999999999995 0.06687500000000002
0 0.6157288333333334 0.4437890625 0.12083399999999996 0.08187499999999998
0 0.6591670000000001 0.5178515625 0.12583299999999994 0.06500000000000006
0 0.6382295 0.5583203125 0.07999999999999992 0.02562500000000001
0 0.6809899166666668 0.7265234375 0.15499999999999994 0.09187499999999993
0 0.6458850833333334 0.597890625 0.06583399999999988 0.05125000000000002
0 0.66598925 0.3749609375 0.07083400000000006 0.04625000000000001
0 0.693333 0.6528125 0.12583399999999992 0.04749999999999999
0 0.7205725833333334 0.806171875 0.1758339999999999 0.12250000000000005
0 0.7611458333333334 0.9425 0.18249999999999997 0.09375
0 0.766667 0.506953125 0.12750000000000009 0.06812499999999999
0 0.7615100833333334 0.5957421875 0.09749999999999999 0.05312500000000009
0 0.7757288333333333 0.435 0.1200000000000001 0.06312499999999999
0 0.7722913333333333 0.554375 0.07500000000000002 0.032500000000000084
0 0.7958854166666667 0.3562109375 0.10749999999999993 0.07687500000000003
0 0.8295836666666666 0.6331640625 0.1475000000000001 0.08062499999999995
0 0.83338575 0.7119921875 0.15000000000000005 0.08562499999999995
0 0.8818746666666666 0.7878125 0.17916700000000008 0.07874999999999999
0 0.8611979166666668 0.384609375 0.1224999999999999 0.07500000000000001
0 0.83932325 0.9882421875 0.07083300000000008 0.021874999999999978
0 0.9230208333333333 0.9264453125 0.15166700000000008 0.11937500000000001
0 0.9099482499999999 0.3551953125 0.10250000000000004 0.05812499999999998
0 0.9181770833333333 0.45078125 0.09833300000000007 0.04062499999999997
0 0.935 0.56 0.126667 0.09562499999999996
0 0.9270833333333334 0.5000390625 0.10499999999999998 0.080625
0 0.9454163333333333 0.9822265625 0.10583400000000005 0.03375000000000006
0 0.94661425 0.646796875 0.1033340000000001 0.12124999999999997
0 0.9534378333333334 0.73765625 0.09000000000000001 0.03937499999999994
0 0.9602604166666667 0.4104296875 0.07666700000000004 0.03750000000000003
0 0.97869825 0.4369921875 0.040000000000000036 0.05437500000000001
0 0.9810940833333334 0.4940234375 0.034999999999999996 0.06125000000000003
