0 0.548827875 0.8015628333333332 0.278125 0.18437500000000018
0 0.227734375 0.6283850833333333 0.10546900000000003 0.06562499999999998
0 0.2857424375 0.7864583333333334 0.186718 0.10624999999999989
0 0.35078175 0.6567708333333334 0.05624899999999999 0.028124999999999956
0 0.4119140625 0.5572916666666666 0.08203100000000002 0.05416699999999993
0 0.524609625 0.6619791666666667 0.08359300000000003 0.038542
0 0.565233875 0.17630175 0.059374999999999956 0.025000000000000005
0 0.6525390625 0.6606770833333334 0.11328099999999997 0.06770800000000003
0 0.731640625 0.5963541666666666 0.08359399999999995 0.03854199999999993
0 0.8361325625 0.7739583333333334 0.221094 0.10624999999999989
0 0.8976565 0.66015625 0.2031250000000001 0.13333300000000006
0 0.9822265625 0.8572913333333334 0.033594000000000124 0.07291700000000005
