0 0.2128515625 0.5817195402635431 0.09624999999999997 0.12664099999999995
0 0.22125 0.46995506149341143 0.06374999999999997 0.047841999999999996
0 0.2744921875 0.5630977364568083 0.021875000000000033 0.0863039999999999
0 0.36015625 0.43101109224011713 0.13437499999999997 0.07129499999999998
0 0.3998046875 0.5042963499267936 0.13187500000000002 0.07692300000000009
0 0.4673828125 0.39360234992679355 0.10499999999999998 0.07879900000000004
0 0.518203125 0.44970299414348464 0.130625 0.09193299999999989
0 0.59171875 0.3461280614934114 0.08687500000000004 0.04878000000000006
0 0.6746875 0.32860167496339676 0.07937499999999997 0.04033799999999998
0 0.6936328125 0.28597580380673504 0.041874999999999996 0.042213999999999974
0 0.7462890625 0.27636728843338215 0.04999999999999993 0.030956999999999957
0 0.812109375 0.271904803806735 0.07437499999999997 0.042214000000000015
0 0.794375 0.3076219019033675 0.03125 0.02251399999999995
0 0.8194921875 0.20807064421669108 0.022500000000000075 0.015947999999999993
