0 0.649921875 0.7301339852507375 0.15249999999999997 0.20302200000000015
0 0.03125 0.7077138702064897 0.0625 0.16619499999999998
0 0.1012890625 0.22520023008849557 0.081875 0.07176599999999998
0 0.146328125 0.7401160914454278 0.160625 0.1567519999999999
0 0.1184375 0.37858830383480824 0.078125 0.06893299999999998
0 0.2640625 0.19403823008849558 0.07875000000000001 0.07365499999999998
0 0.2864453125 0.7205741327433628 0.12 0.197356
0 0.2756640625 0.3522651563421829 0.08062499999999997 0.07554299999999996
0 0.4603125 0.7590564277286135 0.20499999999999996 0.18413600000000005
0 0.4434765625 0.16499993510324484 0.09625 0.08309699999999999
0 0.4444140625 0.33455786135693216 0.08124999999999999 0.08593000000000003
0 0.867109375 0.7788239115044248 0.26312500000000005 0.20585399999999998
0 0.887578125 0.22483231268436576 0.22312500000000002 0.149197
