0 0.919453125 0.91827667251462 0.0675 0.084269
0 0.0068359375 0.3422199064327485 0.01375 0.024345000000000012
0 0.061875 0.9701357894736843 0.06375 0.05524399999999994
0 0.1330859375 0.8475422046783626 0.10750000000000001 0.1994389999999999
0 0.1554296875 0.7246043567251461 0.06937499999999999 0.16104800000000002
0 0.2176171875 0.7299924035087719 0.08562499999999998 0.149812
0 0.2658203125 0.9877619181286551 0.08812500000000001 0.021535999999999885
0 0.2955078125 0.46019790643274866 0.04124999999999995 0.025280999999999873
0 0.3230078125 0.62252783625731 0.073125 0.0421349999999999
0 0.4263671875 0.9584236959064328 0.08437499999999998 0.07865199999999996
0 0.446953125 0.8823507426900585 0.09875 0.06647999999999996
0 0.474765625 0.9620537192982455 0.052499999999999936 0.07209800000000013
0 0.5471875 0.2646859649122807 0.016249999999999987 0.011236000000000017
0 0.6258984375 0.8679773333333334 0.09250000000000003 0.16666699999999998
