0 0.2071484375 0.86292660761347 0.09312500000000001 0.08434800000000002
0 0.2287890625 0.8792123191800879 0.05000000000000002 0.05529600000000012
0 0.2562890625 0.8735292210834553 0.080625 0.07497700000000002
0 0.308203125 0.8775117364568081 0.06812499999999999 0.08716000000000008
0 0.351796875 0.8898720922401172 0.05874999999999997 0.07122800000000003
0 0.394375 0.9019949941434846 0.06437500000000002 0.09184700000000014
0 0.4071875 0.9159968345534407 0.04750000000000004 0.0646680000000001
0 0.4290625 0.9170510922401172 0.04749999999999999 0.07310199999999986
0 0.538828125 0.8060541595900439 0.03562500000000002 0.02905400000000001
0 0.77578125 0.8571784729136164 0.22750000000000004 0.17150900000000008
0 0.7557421875 0.6678141903367496 0.053749999999999964 0.050608999999999994
