0 0.75078075 0.8869786666666667 0.3046879999999999 0.1781250000000001
0 0.19635466666666668 0.8520838333333334 0.30312399999999995 0.1828119999999999
0 0.29661458333333335 0.6122395833333334 0.20781300000000003 0.11249999999999982
0 0.35312550000000004 0.7005203333333334 0.203125 0.07499999999999989
0 0.3549479166666667 0.5130208333333334 0.092188 0.02656300000000004
0 0.3856770833333334 0.54921875 0.09687499999999998 0.02343800000000007
0 0.5385416666666667 0.6078125 0.178125 0.046875
0 0.5059890833333333 0.5033854166666667 0.09687599999999996 0.04531300000000001
0 0.5372390833333333 0.54375 0.0984380000000001 0.03281300000000006
0 0.68203125 0.7052083333333332 0.22656300000000007 0.07343800000000004
0 0.63203125 0.49531300000000006 0.101563 0.0625
0 0.6838541666666668 0.553125 0.09999999999999994 0.03125
0 0.7786458333333334 0.6221354166666666 0.18437499999999987 0.10781200000000002
0 0.7703124999999998 0.5130213333333333 0.11093799999999998 0.04374899999999996
