0 0.39 0.67380175 0.125625 0.08750000000000006
0 0.1016015625 0.5248434166666667 0.03374999999999999 0.014999999999999977
0 0.1603515625 0.5993746666666667 0.12874999999999998 0.05333399999999999
0 0.1335546875 0.5496878333333334 0.069375 0.02833299999999994
0 0.1175 0.5361454999999999 0.0325 0.01750000000000007
0 0.1527734375 0.5718229166666666 0.06062500000000001 0.030833000000000037
0 0.2433984375 0.6902604166666667 0.18624999999999997 0.07583299999999997
0 0.3591796875 0.5534375 0.03749999999999998 0.04833299999999996
0 0.664453125 0.4936455 0.036250000000000004 0.015833999999999977
0 0.759140625 0.52171875 0.05249999999999999 0.025832999999999995
0 0.7953125 0.5178125 0.015625 0.017499999999999998
0 0.8129296875 0.5360413333333334 0.03874999999999995 0.012499999999999881
0 0.8460546875 0.5273434166666666 0.03749999999999998 0.013334000000000104
0 0.8619921875 0.5432815833333334 0.023125000000000062 0.020832999999999952
0 0.9524609375 0.56338575 0.0774999999999999 0.02416600000000006
