0 0.25986006250000004 0.9004741875 0.144286 0.117143
0 0.3627734375 0.5740906874999999 0.187143 0.10142800000000007
0 0.446875 0.91125 0.09428599999999993 0.06285699999999994
0 0.8505078125 0.76381725 0.042857000000000034 0.039999999999999925
0 0.85238825 0.893292125 0.040000000000000036 0.03571500000000005
0 0.8489344375000001 0.6341243125 0.030000000000000027 0.025714000000000015
0 0.9020811875 0.6679578749999999 0.05285699999999993 0.028571000000000013
0 0.9078678749999999 0.932768 0.06000000000000005 0.0314279999999999
0 0.9658430625000001 0.636149125 0.050000000000000044 0.03571499999999994
0 0.9672710625 0.8971256874999999 0.050000000000000044 0.03857200000000016
0 0.9692241875 0.767054 0.05285700000000004 0.032856999999999914
