0 0.71147375 0.6810468125 0.150327 0.166667
0 0.2477216875 0.5153755625 0.163398 0.16013099999999997
0 0.37154718750000004 0.735907 0.17810399999999998 0.18790799999999996
0 0.3888445625 0.4872410625 0.18954200000000004 0.174836
0 0.37648756250000004 0.6040074375 0.15849599999999991 0.12418300000000004
0 0.44481462499999996 0.4180515625 0.14542499999999997 0.12745100000000004
0 0.5326729375 0.6293596875 0.16993500000000006 0.19444399999999995
0 0.5747226875 0.7691485 0.2254899999999999 0.2352939999999999
0 0.542177 0.3210275 0.15686299999999997 0.10947699999999999
0 0.547117375 0.4640459375 0.13725500000000002 0.16993499999999995
0 0.597209875 0.43213850000000004 0.08986899999999998 0.11111099999999996
0 0.6478053125000001 0.551981 0.12091499999999988 0.15686299999999986
0 0.7013314375 0.44447631249999997 0.15522899999999995 0.151961
0 0.7689626875 0.57067 0.16339899999999996 0.12581699999999996
